1. 91 480 true
2. 219 421 false
3. 293 384 false
4. 221 480 true
5. 466 536 true
6. 465 443 false
7. 382 425 false
8. 526 337 true
9. 419 316 false
10. 455 294 true
11. 555 308 true
12. 582 265 true
13. 514 255 false
14. 543 182 true
15. 554 153 true
16. 591 73 true
17. 678 126 true
18. 686 18 true
19. 1155 398 true
20. 916 682 true
21. 875 670 false
22. 752 642 true
23. 652 614 true
24. 675 577 false
25. 591 548 false
26. 477 522 true
27. 540 458 false
28. 425 481 false
29. 336 463 false
30. 488 377 true
31. 592 402 true
32. 635 360 true
33. 654 317 true
34. 694 319 true
35. 755 332 true
36. 722 375 true
37. 686 421 false
38. 640 475 false
39. 757 435 true
40. 768 384 true
41. 735 428 false
42. 732 483 true
43. 701 533 true
44. 774 534 true
45. 808 544 true
46. 840 504 false
47. 876 455 false
48. 921 409 true
49. 893 579 true
50. 936 522 false
51. 987 600 true
52. 1072 497 true
53. 1112 449 true
54. 1058 473 false
55. 977 476 false
56. 1017 431 true
57. 964 366 false
58. 833 390 false
59. 862 347 true
60. 947 315 true
61. 884 328 false
62. 926 337 true
63. 899 304 false
64. 792 287 true
65. 725 275 true
66. 659 260 false
67. 934 260 true
68. 826 242 true
69. 724 220 false
70. 723 167 true
71. 616 193 true
72. 821 149 true
73. 870 184 true
74. 952 238 true
75. 1015 290 true
76. 513 388 true
77. 899 565 true
