287 385
345 356
420 317
463 296
544 182
556 152
598 77
222 480
337 464
378 424
484 379
530 337
559 309
619 191
683 125
428 479
461 440
513 389
652 317
654 262
722 169
816 154
723 222
695 320
723 276
824 240
864 192
461 534
536 457
592 403
633 356
637 477
598 540
685 423
725 376
758 332
795 286
930 263
944 248
899 304
946 316
926 334
880 326
861 349
832 393
737 428
770 385
764 437
735 489
702 537
671 573
654 611
752 631
805 553
841 505
878 457
918 416
961 367
994 323
1009 294
1144 407
1102 443
1013 431
973 477
1061 493
934 521
893 561
890 581
988 602
882 659
